$ANSIBLE_VAULT;1.1;AES256
66623136306531366565363937316430323031316134633835383735316233393564366261346163
6161306565333462306233326334313938396139356363620a353363396661393465613533396530
36623261616463616232653737326430653934323966386530333961386162633766376235333230
6561346166666533360a656436633232303064623763613564333939353932383936393661346263
38316232666664356233653466663538373535363763323266333839626437396165323339393430
32383764663166643239373231663662363065313932373964646461636261643537326231656530
32386661343830626436373931613266396339646438316331326163663161316566393437363265
61323762393764616430643565666263393738323561653264626130363734343838353633366439
37303362353839313136613037343535613639646236303234313562313434376238303335303038
65356265653438646339306534373437633239343734376666393632633064363437383366633530
35616437326531653533646464396238303766626339376538613735666135303064343065663264
31356364663961306135663466346666633862656539313264366531363466626436346437633933
31326564393566343639316665633933346363313037376439306438643165343362333637333239
31653032323238666232613236653161626131326339316561663134626134336265393431346363
30373265396635373161666237393534333636313736333530393565623437303063633131316163
63623465646563376536653463303130333731326562663132323330313837653233393633313330
36623734663537353639363239396565663561386362646266666264623137343834623834646434
33623932626430653837376438326537626666303864316333323465326633386532343935636630
61343962353362653934633963363534613637386363616531373131663262373933393566663362
38383636653661656234643536646534346532396432613332633564663763666634633565393263
65363031316537303433303332316334326533376231313564353730383130306137646638323935
31666534336164376161396365613766346238333135316266633730623732333336326663373035
65356165376230613537646539653930633232393566303064303135353766636638306631656539
30343837623231373031303031623864376433313561663439636139346432653133643631346262
3161
